0
0
153
-29 0.000625326
-28 0.06227466
-27 -0.03944088
-26 -0.01495555
-25 0.2730264
-24 -0.5273122
-23 0.147919
-22 1.020278
-21 -2.538976
-20 -2.884664
-19 -88.81899
-18 -97.71137
-17 -47.40696
-16 36.51967
-15 44.30955
-14 90.69525
-13 149.5708
-12 80.26752
-11 -76.68359
-10 -99.21341
-9 -132.0006
-8 -143.7245
-7 -185.8872
-6 -52.48787
-5 1624.454
-4 1596.918
-3 237.5668
-2 -43.44247
-1 -38.68289
0 -36.0829
1 -38.05058
2 8.995696
3 53.18418
4 93.54192
5 143.758
6 204.0747
7 292.1669
8 381.8593
9 527.0738
10 697.4322
11 876.8354
12 1027.425
13 1112.037
14 1052.713
15 773.0323
16 443.5899
17 181.9005
18 33.75248
19 -31.4966
20 -61.07026
21 -61.64251
22 -67.57411
23 -61.04478
24 -58.67857
25 -65.28896
26 -49.17871
27 -58.39417
28 -47.52977
29 -56.24992
30 -62.21634
31 -76.74143
32 -79.17863
33 -74.20151
34 -66.65105
35 -77.32209
36 -79.50531
37 -80.33046
38 -92.75824
39 -82.81376
40 -94.7692
41 -97.44756
42 -89.58078
43 -95.49303
44 -92.94002
45 -101.5378
46 -97.32365
47 -98.94109
48 -98.96558
49 -121.0545
50 -111.0024
51 -107.4362
52 -93.58834
53 15.03716
54 9.903092
55 76.36072
56 115.9777
57 120.229
58 -33.48157
59 -124.891
60 -147.3805
61 -155.0969
62 -172.2581
63 -263.7442
64 1052.757
65 1990.622
66 618.2975
67 -57.04614
68 -13.34466
69 -45.94507
70 -27.81151
71 10.37068
72 23.28879
73 59.26024
74 97.79414
75 151.9126
76 218.3832
77 309.352
78 431.3002
79 580.0486
80 767.806
81 924.5234
82 1046.757
83 1038.819
84 871.5258
85 546.9054
86 227.7154
87 54.84079
88 -29.2204
89 -39.23891
90 -60.11999
91 -50.75356
92 -60.02711
93 -56.43075
94 -73.91094
95 -79.87768
96 -85.43357
97 -70.6015
98 -96.74315
99 -91.80117
100 -99.38266
101 -99.62775
102 -114.393
103 -110.7159
104 -123.5742
105 -135.715
106 -128.8675
107 -132.6316
108 -134.9384
109 -131.8616
110 -128.8138
111 -148.7565
112 -136.9057
113 -151.2439
114 -42.72127
115 -0.2154082
116 3.008677
117 -1.706979
118 0.1260096
119 0.5601655
120 -0.3207295
121 0.08968093
122 0.08216593
123 0.005666358
