1
0
0
0 103.276 3.141593
20.5 2.737166 -2.42422
41.1 16.89031 -2.590273
61.6 6.568778 0.4734787
82.1 7.286788 0.3586965
102.7 3.251765 3.07652
123.2 5.528753 2.759033
143.7 9.297295 -0.1943095
164.3 4.798409 -0.1048871
184.8 12.2992 -3.065417
205.3 1.654723 -2.932577
225.9 9.580139 0.7078066
246.4 1.645394 -2.218235
266.9 3.187182 -1.108464
287.5 1.931388 -2.501645
308 5.634661 -1.599319
328.5 6.304539 2.122549
349.1 5.584031 2.693703
369.6 8.021553 0.0805663
390.1 2.705909 0.6415462
410.7 5.312084 -1.676821
431.2 0.3508368 0.1996512
451.7 4.545841 -3.061034
472.3 1.366293 0.7424455
492.8 5.381549 1.471708
513.3 2.94853 -1.194974
533.9 4.149147 -0.5004498
554.4 3.932533 -2.950598
574.9 2.683651 -2.247298
595.5 3.937436 1.706029
616 1.297504 2.588511
636.5 4.590728 0.03473493
657.1 0.1396721 0.9779739
677.6 4.721676 -1.739739
698.1 1.274004 1.893529
718.7 3.934526 2.760616
739.2 2.515432 0.4020932
759.7 3.133107 1.169781
780.3 3.215516 -1.230129
800.8 2.183886 -0.451648
821.3 3.785036 -2.909527
841.9 1.076272 -2.223984
862.4 3.530272 1.697617
882.9 0.2480457 -1.478992
903.5 2.952713 -0.04463718
924 1.070162 -2.550829
944.5 2.33977 -1.740971
965.1 1.610843 1.995105
985.6 1.817627 2.783518
1006.1 2.07705 0.2803275
1026.7 1.194722 0.9729199
1047.2 2.216032 -1.385306
1067.7 0.4677739 -0.4586173
1088.3 2.17359 -3.107436
1108.8 0.20578 0.7882844
1129.3 1.905597 1.578521
1149.9 0.6668065 -0.8204377
1170.4 1.408795 -0.2074421
1190.9 0.9513 -2.443765
1211.5 1.1505 -1.926567
1232 1.034762 2.132833
1252.5 0.610245 2.728331
1273.1 1.088765 0.3745193
1293.6 0.3902637 1.04022
1314.1 0.9900104 -1.218161
1334.7 0.06645323 -2.469126
1355.2 0.8027761 -2.957583
1375.7 0.4722943 1.338046
1396.3 0.5259865 1.756715
1416.8 0.3724209 -0.1209751
1437.3 0.3298856 -0.1543602
1457.9 0.3180275 -2.137646
1478.4 0.409104 -2.022184
1498.9 0.1069492 -2.788971
1519.5 0.2070831 2.780179
1540 0.230181 0.375982
1560.5 0.2065933 1.311464
1581.1 0.2065933 -1.311464
1601.6 0.230181 -0.375982
1622.1 0.2070831 -2.780179
1642.7 0.1069492 2.788971
1663.2 0.409104 2.022184
1683.7 0.3180275 2.137646
1704.3 0.3298856 0.1543602
1724.8 0.3724209 0.1209751
1745.3 0.5259865 -1.756715
1765.9 0.4722943 -1.338046
1786.4 0.8027761 2.957583
1806.9 0.06645323 2.469126
1827.5 0.9900104 1.218161
1848 0.3902637 -1.04022
1868.5 1.088765 -0.3745193
1889.1 0.610245 -2.728331
1909.6 1.034762 -2.132833
1930.1 1.1505 1.926567
1950.7 0.9513 2.443765
1971.2 1.408795 0.2074421
1991.7 0.6668065 0.8204377
2012.3 1.905597 -1.578521
2032.8 0.20578 -0.7882844
2053.3 2.17359 3.107436
2073.9 0.4677739 0.4586173
2094.4 2.216032 1.385306
2114.9 1.194722 -0.9729199
2135.5 2.07705 -0.2803275
2156 1.817627 -2.783518
2176.5 1.610843 -1.995105
2197.1 2.33977 1.740971
2217.6 1.070162 2.550829
2238.1 2.952713 0.04463718
2258.7 0.2480457 1.478992
2279.2 3.530272 -1.697617
2299.7 1.076272 2.223984
2320.3 3.785036 2.909527
2340.8 2.183886 0.451648
2361.3 3.215516 1.230129
2381.9 3.133107 -1.169781
2402.4 2.515432 -0.4020932
2422.9 3.934526 -2.760616
2443.5 1.274004 -1.893529
2464 4.721676 1.739739
2484.5 0.1396721 -0.9779739
2505.1 4.590728 -0.03473493
2525.6 1.297504 -2.588511
2546.1 3.937436 -1.706029
2566.7 2.683651 2.247298
2587.2 3.932533 2.950598
2607.7 4.149147 0.5004498
2628.3 2.94853 1.194974
2648.8 5.381549 -1.471708
2669.3 1.366293 -0.7424455
2689.9 4.545841 3.061034
2710.4 0.3508368 -0.1996512
2730.9 5.312084 1.676821
2751.5 2.705909 -0.6415462
2772 8.021553 -0.0805663
2792.5 5.584031 -2.693703
2813.1 6.304539 -2.122549
2833.6 5.634661 1.599319
2854.1 1.931388 2.501645
2874.7 3.187182 1.108464
2895.2 1.645394 2.218235
2915.7 9.580139 -0.7078066
2936.3 1.654723 2.932577
2956.8 12.2992 3.065417
2977.3 4.798409 0.1048871
2997.9 9.297295 0.1943095
3018.4 5.528753 -2.759033
3038.9 3.251765 -3.07652
3059.5 7.286788 -0.3586965
3080 6.568778 -0.4734787
3100.5 16.89031 2.590273
3121.1 2.737166 2.42422
